5
15
36
39
55
67
344
457
2163
6725
34103
35778
36514
42999
43035
43193
43222
43259
44771
45171
45399
46182
46937
47109
47146
47449
47468
47619
47878
47990
48025
48231
48590
48662
48909
48965
48976
49011
49237
49239
49271
49284
49360
49457
49488
49500
49534
49536
49554
49584
49585
49591
49616
49623
49626
49628
49629
49645
49646
49650
49651
49659
49660
49665
49666
49667
49668
49670
49672
49674
49679
49689
49690
49692
49693
49694
49696
49699
49702
49704
49708
49709
49712
49716
49722
49724
49727
49730
49731
49732
49733
49734
49735
49737
49738
49739
49740
49741
49742
49743
49744
49745
49746
49747
49748
49749
49750
49751
49752
49753
49754
49755
49756
49757
49758
49759
49761
111474
726228
1079752
1578090
1838315
2290782
2415532
2571045
2576071
2586976
2647338
2885851
3652816
4189289
5014799
5017210
6720199
6765751
7119388
7299465
7422789
7554697
7666141
7732977
7779741
7871205
7895768
7917893
7979851
8106674
8178269
8178805
8214850
8254145
8254400
8255888
8261500
8291895
8375259
8376696
8494848
8574561
8588969
8590973
8597976
8599034
8599101
8605863
8647538
8668460
8690990
8697185
8698577
8713814
8718483
8718594
8724984
8728920
8737621
8741316
8769201
8843862
8849616
8894818
8944230
8971308
9005019
9017006
9017698
9032329
9080405
9081007
9081369
9098294
9103923
9131584
9216247
9223541
9247046
9247354
9247798
9248240
9255039
9255706
9256405
9273043
9279457
9280056
9303383
9303484
9303665
9309529
9316345
9338413
9351740
9352634
9359856
9360651
9366989
9368468
9373270
9374180
9381678
9388293
9402005
9403748
9408618
9420570
9425620
9432799
9433140
9438228
9439049
9444076
9445138
9448501
9449532
9449748
9450071
9461007
9466943
9467224
9467430
9470838
9488084
9498970
9499402
9504575
9504944
9505338
9530319
9530783
9530809
9530947
9531491
9538207
9538442
9538558
9545732
9545759
9545782
9546449
9572001
9572147
9572165
9572608
9586025
9586122
9586396
9587118
9587369
9593627
9593895
9600141
9600214
9600331
9600432
9601289
9601305
9602168
9629118
9634632
9634742
9635124
9640842
9641323
9646485
9651185
9651814
9658086
9664713
9664724
9671463
9677513
9677721
9678064
9678463
9678966
9684045
9691969
9698280
9698301
9699533
9710443
9716756
9717281
9717532
9722899
9723691
9724713
9729720
9730797
9741253
9744498
9752855
9753675
9758040
9759367
9766265
9766941
9780014
9780800
9781353
9790362
9790546
9793390
9793479
9798195
9798854
9798986
9799036
9814008
9814016
9815118
9818935
9818999
9823272
9824144
9824381
9824702
9828897
9828954
9839220
9840188
9844911
9844965
9845418
9849915
9850944
9861642
9865903
9866136
9866907
9867001
9867056
9872196
9872558
9872667
9878333
9878911
9879291
9884803
9885051
9885130
9885271
9885310
9885315
9885338
9885654
9885667
9886030
9886092
9886289
9886393
9894442
9895247
9895350
9895392
9895544
9895699
9905624
9906058
9906520
9906663
9928403
9928452
9928636
9928746
9948367
9956508
9956831
9964876
9964962
9965479
9973656
9989179
9996851
10001733
10001739
10007878
10008067
10014558
10014711
10019843
10026983
10027435
10028038
10028056
10033620
10033925
10040864
10041296
10041315
10041334
10047709
10053515
10053545
10054226
10055660
10060977
10061071
10067570
10067598
10068405
10068845
10074564
10074637
10074746
10075872
10081431
10081680
10082040
10088014
10088079
10088081
10088088
10088089
10088165
10088168
10088336
10088725
10096172
10101762
10101793
10102765
10107477
10108367
10108713
10116138
10121467
10122274
10122515
10135567
10135768
10135834
10135863
10136418
10136816
10136828
10136877
10136967
10137390
10137467
10137506
10137637
10137706
10137832
10137841
10138107
10138318
10143491
10143627
10143652
10144432
10144695
10144722
10144754
10144867
10145252
10145396
10145403
10149530
10149575
10150267
10150414
10150426
10150434
10150500
10150542
10150567
10150568
10150609
10150621
10150645
10150657
10150715
10150741
10150759
10150766
10150781
10150787
10150812
10150821
10150876
10150889
10151680
10157357
10157426
10157562
10157576
10157613
10157711
10157803
10157851
10157986
10157996
10157998
10158669
10163432
10163435
10163441
10163501
10163567
10163646
10163744
10163791
10163832
10163960
10163973
10164068
10164080
10164113
10164198
10164236
10164373
10164446
10164491
10164552
10164609
10164643
10165062
10165089
10170106
10170153
10170177
10170178
10170216
10170228
10170238
10170242
10170284
10170291
10170352
10170354
10170378
10170392
10170398
10170403
10170405
10170421
10170465
10170469
10170475
10170490
10170505
10170549
10170556
10170562
10170590
10170638
10170672
10170681
10170688
10170719
10170729
10170736
10170738
10170741
10170742
10170761
10170768
10170769
10170790
10170791
10170803
10170805
10170815
10170818
10170822
10170826
10170829
10170830
10170837
10170838
10170843
10170844
10170845
10170934
10170943
10170954
10170969
10170971
10170976
10170977
